2 50 1
2 53 4
1 99 1
1 100 2
2 50 1
2 17 4
1 45 2
1 100 4
1 29 3
1 42 1
1 79 4
1 65 3
1 1 3
2 13 4
1 13 4
1 7 2
1 19 4
1 37 3
1 92 3
1 15 4
1 10 2
2 20 2
2 67 4
2 26 3
1 49 1
1 82 3
1 17 3
2 58 3
1 77 2
2 99 3
2 71 4
2 27 3
2 97 3
1 23 3
1 26 1
1 47 3
2 40 3
1 71 3
2 47 3
1 69 1
1 13 3
2 25 3
1 33 3
2 13 1
1 37 2
2 46 2
2 19 2
1 56 2
1 82 1
1 10 4
2 71 1
1 92 3
1 30 2
1 38 4
2 17 1
1 79 2
2 19 3
2 34 3
2 36 1
2 96 1
2 32 2
1 7 4
2 22 3
2 29 4
1 30 3
2 48 3
2 75 3
1 69 2
1 18 2
2 22 2
1 38 3
1 31 4
1 46 4
2 70 1
1 43 4
2 83 1
2 16 3
2 61 1
2 39 3
1 97 4
1 71 1
2 9 3
1 88 2
1 100 3
2 46 3
1 5 2
1 79 4
2 65 2
1 38 1
1 14 1
1 61 2
2 70 2
1 20 1
1 82 1
1 99 2
2 49 4
2 30 4
1 74 1
2 18 1
2 48 1